positivas\01.jpg 8 22 57 81 269 114 71 46 269 182 80 56 282 247 96 45 249 299 86 55 274 358 84 55 268 434 66 65 305 505 64 87 307
positivas\02.jpg 4 33 292 76 287 139 376 27 122 171 353 35 144 215 333 38 154
positivas\03.jpg 4 60 571 20 77 86 573 22 72 303 573 17 42 325 566 16 54
positivas\04.jpg 2 233 423 54 176 306 392 56 195
positivas\05.jpg 2 68 226 49 140 202 231 45 139
positivas\06.jpg 4 252 438 56 206 338 435 42 150 381 441 38 172 120 444 94 218
positivas\07.jpg 2 283 404 48 148 339 408 44 140
positivas\08.jpg 1 164 20 211 653
positivas\09.jpg 4 76 55 103 320 249 196 63 175 303 82 73 279 205 88 34 137
positivas\1.jfif 2 91 25 46 141 181 66 34 83
positivas\10.jfif 4 204 27 39 123 149 29 38 130 69 34 38 117 245 37 34 124
positivas\10.jpg 1 194 32 182 617
positivas\100.jfif 2 69 16 47 147 146 28 57 139
positivas\101.jfif 3 20 30 46 112 149 40 34 115 232 34 41 123
positivas\102.jfif 3 31 28 32 116 146 42 38 115 237 31 32 127
positivas\103.jfif 0
positivas\104.jfif 0
positivas\105.jfif 2 123 80 36 99 202 93 40 83
positivas\106.jfif 4 7 3 59 156 72 2 49 150 148 1 43 152 222 3 40 148
positivas\107.jfif 4 34 67 35 111 78 69 32 110 136 75 24 82 202 61 61 121
positivas\108.jfif 0
positivas\109.jfif 0
positivas\11.jfif 4 64 29 47 127 147 24 41 138 199 22 42 136 247 33 35 129
positivas\11.jpg 3 29 31 138 343 179 57 94 265 338 142 45 117
positivas\110.jfif 1 118 40 47 112
positivas\111.jfif 1 124 46 38 102
positivas\112.jfif 2 22 13 53 141 231 37 31 92
positivas\113.jfif 0
positivas\114.jfif 3 81 7 45 179 157 54 42 134 198 20 55 169
positivas\115.jfif 3 209 47 17 61 148 42 14 54 167 46 14 52
positivas\116.jfif 5 63 75 25 79 89 69 28 77 137 64 24 74 221 76 47 80 287 56 28 88
positivas\117.jfif 0
positivas\118.jfif 1 21 34 43 109
positivas\119.jfif 3 76 39 33 107 110 23 64 141 205 18 54 144
positivas\12.jfif 0
positivas\12.jpg 1 259 298 80 235
positivas\120.jfif 1 182 65 45 115
positivas\121.jfif 1 142 78 38 82
positivas\122.jpg 0
positivas\123.jfif 0
positivas\124.jfif 1 48 44 60 218
positivas\125.jfif 4 0 58 27 134 46 61 46 128 125 68 32 84 181 56 52 128
positivas\126.jfif 5 44 91 32 85 111 97 22 56 137 91 27 85 178 101 15 49 203 92 28 83
positivas\127.jfif 2 135 44 67 137 242 48 31 106
positivas\128.jfif 3 17 55 28 76 136 48 28 93 167 61 23 77
positivas\129.jfif 4 40 49 50 124 122 43 37 133 202 29 44 152 160 39 35 133
positivas\13.jfif 1 232 26 20 64
positivas\13.jpg 1 302 453 151 327
positivas\130.jfif 3 125 79 26 77 157 65 25 94 201 65 29 92
positivas\131.jfif 0
positivas\14.jfif 0
positivas\14.jpg 5 41 93 52 186 114 61 41 138 157 71 39 146 223 79 56 212 310 52 46 181
positivas\15.jfif 4 17 46 42 133 106 55 35 132 190 52 27 131 161 48 26 126
positivas\15.jpg 3 144 96 62 195 249 82 56 201 359 65 53 206
positivas\16.jpg 1 119 116 31 99
positivas\17.jfif 3 71 76 31 89 114 77 31 85 147 68 33 92
positivas\17.jpg 1 253 348 133 362
positivas\18.jfif 2 82 89 28 62 129 93 23 69
positivas\18.jpg 1 148 205 135 434
positivas\19.jpg 1 185 378 105 188
positivas\20.jfif 0
positivas\20.jpg 5 32 61 67 217 122 64 63 222 222 57 62 224 315 85 59 173 384 82 44 174
positivas\21.jfif 0
positivas\21.jpg 5 83 415 45 183 272 398 47 151 316 401 46 202 370 397 42 143 423 393 51 193
positivas\22.jfif 0
positivas\22.jpg 3 136 409 72 316 222 422 73 307 409 413 99 425
positivas\23.jpg 1 238 116 154 672
positivas\24.jfif 4 15 42 44 126 71 47 29 102 104 45 28 110 140 41 36 113
positivas\25.jfif 0
positivas\26.jfif 3 20 61 50 131 90 56 36 123 197 62 42 103
positivas\27.jfif 1 78 3 67 155
positivas\28.jfif 1 78 1 57 157
positivas\29.jfif 0
positivas\30.jfif 0
positivas\31.jfif 3 106 30 37 124 194 47 42 120 64 33 32 109
positivas\32.jfif 4 67 31 29 103 105 34 33 116 138 30 28 112 199 49 40 125
positivas\33.jfif 5 11 65 25 73 37 67 28 68 70 66 25 66 142 68 39 113 196 71 24 73
positivas\34.jfif 5 9 68 23 62 34 67 22 64 74 71 22 59 140 78 44 96 196 76 26 69
positivas\35.jfif 1 188 109 38 75
positivas\36.jfif 0
positivas\37.jfif 2 57 31 73 142 149 36 71 141
positivas\38.jfif 3 25 15 58 157 149 1 47 144 197 9 72 140
positivas\39.jfif 1 209 64 44 110
positivas\40.jfif 0
positivas\41.jfif 2 27 80 34 82 64 76 33 86
positivas\42.jpg 2 194 33 48 127 27 32 68 123
positivas\43.jfif 0
positivas\44.jfif 3 13 24 74 153 115 23 67 149 189 20 78 156
positivas\45.jfif 5 3 37 39 112 66 35 43 85 145 43 47 106 241 36 41 114 39 27 31 103
positivas\46.jfif 2 74 5 28 71 104 6 19 72
positivas\47.jfif 2 93 79 34 76 132 76 35 78
positivas\48.jfif 0
positivas\49.jfif 1 165 69 40 96
positivas\50.jfif 3 227 64 43 106 147 73 28 80 110 83 22 59
positivas\51.jfif 1 0 18 45 159
positivas\52.jfif 3 2 3 63 152 87 4 42 153 134 16 41 135
positivas\53.jfif 4 8 46 50 112 65 34 33 103 162 46 37 115 201 42 41 107
positivas\54.jfif 2 120 95 38 128 77 94 28 92
positivas\55.jfif 0
positivas\56.jfif 2 85 24 39 119 135 23 42 111
positivas\57.jfif 1 200 18 52 135
positivas\58.jfif 1 52 24 31 125
positivas\59.jfif 2 187 67 56 113 57 34 39 114
positivas\6.jpg 1 97 26 42 92
positivas\60.jfif 0
positivas\61.jfif 0
positivas\62.jfif 2 86 38 32 98 183 25 44 107
positivas\63.jfif 0
positivas\64.jfif 1 147 70 24 86
positivas\65.jfif 0
positivas\66.jfif 0
positivas\67.jfif 1 112 22 83 147
positivas\68.jfif 3 37 22 33 101 86 30 39 125 128 15 40 121
positivas\69.jfif 0
positivas\70.jfif 2 84 55 31 71 192 49 29 76
positivas\71.jfif 4 168 77 31 85 68 71 25 86 92 75 22 81 115 70 42 121
positivas\72.jfif 1 125 114 25 47
positivas\73.jfif 3 8 17 48 126 121 23 54 136 190 31 85 138
positivas\74.jfif 0
positivas\75.jfif 2 0 20 36 137 42 15 32 123
positivas\76.jfif 1 81 127 30 93
positivas\77.jfif 4 109 2 31 82 145 1 23 79 211 3 26 77 267 13 21 89
positivas\78.jfif 2 40 61 38 104 100 60 38 108
positivas\79.jfif 2 40 75 49 147 108 78 40 95
positivas\8.jpg 2 37 8 56 167 123 17 56 154
positivas\80.jfif 2 169 54 42 121 216 46 39 131
positivas\81.jfif 3 20 74 44 103 70 74 42 102 205 84 44 97
positivas\82.jfif 1 163 16 59 155
positivas\83.jfif 0
positivas\84.jfif 0
positivas\85.jfif 0
positivas\86.jfif 1 26 70 28 78
positivas\87.jfif 2 163 58 50 123 224 50 42 128
positivas\88.jfif 1 92 70 29 74
positivas\89.jfif 3 257 63 33 89 169 68 22 64 26 58 33 97
positivas\90.jfif 4 37 42 36 104 109 62 31 89 237 67 30 91 155 59 27 81
positivas\91.jfif 2 118 78 26 81 142 76 29 81
positivas\92.jfif 0
positivas\93.jfif 1 72 7 66 171
positivas\94.jfif 2 52 3 55 167 128 11 41 161
positivas\95.jfif 4 8 33 48 128 65 24 37 146 115 34 30 137 169 51 51 123
positivas\96.jfif 0
positivas\97.jfif 0
positivas\98.jfif 1 129 19 41 90
positivas\99.jfif 2 63 14 60 141 148 21 51 142
